Failure: 0
{'KPN': {'KPN': 1267.33, 'T-Mobile': 17.07, 'Vodafone': 37.47}, 'T-Mobile': {'KPN': 38.72, 'T-Mobile': 1290.31, 'Vodafone': 52.37}, 'Vodafone': {'KPN': 5.6, 'T-Mobile': 4.27, 'Vodafone': 1221.79}, 'no': {'KPN': 1.35, 'T-Mobile': 1.35, 'Vodafone': 1.37}}
Enschede : [0.0010281797410510282, 0.0010434120335110434, 0.0010281797410510282]
Enschede : [0.710944402132521, 0.6149504950495049, 0.8204493526275705]
Failure: 0.1
{'KPN': {'KPN': 1267.33, 'T-Mobile': 17.07, 'Vodafone': 37.47}, 'T-Mobile': {'KPN': 38.72, 'T-Mobile': 1290.31, 'Vodafone': 52.37}, 'Vodafone': {'KPN': 5.6, 'T-Mobile': 4.27, 'Vodafone': 1221.79}, 'no': {'KPN': 1.35, 'T-Mobile': 1.35, 'Vodafone': 1.37}}
Enschede : [0.0010281797410510282, 0.0010434120335110434, 0.0010281797410510282]
Enschede : [0.710944402132521, 0.6149504950495049, 0.8204493526275705]
