Failure: 0
Overijssel : [0.0016162961924128742, 0.0015896500946637683, 0.001647850781852605]
Overijssel : [0.6202818876656616, 0.5645838300259449, 0.6851679405371293]
