Failure: 0
Middelburg : [7.874015748031496e-05, 2.6246719160104988e-05, 5.2493438320209976e-05]
Middelburg : [0.7809711286089239, 0.8258005249343832, 0.9010498687664042]
Enschede : [0.0015997638724911452, 0.0016056670602125147, 0.0016174734356552538]
Enschede : [0.7187898465171192, 0.6746930342384888, 0.8213695395513577]
Amsterdam : [0.0027340425531914895, 0.0025638297872340424, 0.0027220744680851064]
Amsterdam : [0.6995066489361702, 0.7091303191489362, 0.7797220744680851]
Failure: 0.1
Middelburg : [0.0026059992406024554, 0.0024414631059359575, 0.0025933426148588784]
Middelburg : [0.7034350082268067, 0.7147563599544361, 0.7855727123148969]
Enschede : [0.002525504666811374, 0.002387670935532885, 0.0025189928369871934]
Enschede : [0.7030518775775993, 0.702799001519427, 0.7873789884957673]

