Failure: 0
Overijssel : [0.003043264848187364, 0.003037655143398079, 0.0030390575695954]
Overijssel : [0.7728181754435173, 0.8352675127971391, 0.8211843489236379]
Friesland : [0.0038681645782322723, 0.0038604829804599356, 0.0038926496711315954]
Friesland : [0.762916606654184, 0.828945220605886, 0.8142700081616976]
Utrecht : [0.0040170333569907735, 0.00402629061622489, 0.004021970561915635]
Utrecht : [0.799202332829327, 0.8570836547659456, 0.8458829882432808]
Failure: 0.1
Overijssel : [0.0037194651581383387, 0.0037241793091625955, 0.0037216079540584555]
Overijssel : [0.79113975314991, 0.8504169880860547, 0.8383354761292534]

