Failure: 0
Middelburg : [0.00015748031496062991, 2.6246719160104988e-05, 5.2493438320209976e-05]
Middelburg : [0.9310236220472441, 0.9546719160104987, 0.9492913385826771]
Enschede : [0.004504132231404959, 0.00449232585596222, 0.004462809917355372]
Enschede : [0.8615997638724912, 0.8985773317591499, 0.8920188902007083]

